0 1990 0.0
1 1991 0.0
2 1992 2.3333333333333335
3 1993 1.75
4 1994 1.4
5 1995 1.1666666666666667
6 1996 1.0
7 1997 1.125
8 1998 1.0
9 1999 0.9
10 2000 1.2727272727272727
11 2001 1.1666666666666667
12 2002 1.0769230769230769
13 2003 1.0
14 2004 1.2
15 2005 1.125
16 2006 1.0588235294117647
17 2007 1.3333333333333333
18 2008 1.263157894736842
19 2009 1.2
20 2010 1.1428571428571428
21 2011 1.0909090909090908
22 2012 1.0434782608695652
23 2013 1.0
24 2014 0.96
25 2015 0.9230769230769231
26 2016 0.8888888888888888
27 2017 0.8571428571428571
28 2018 0.8275862068965517
29 2019 0.8
